16
0,0
1,0
1,1
0,1
2/3,0
2/3,1
1/3,0
1/3,1
2/3,2/3
1/3,2/3
0,2/3
1,2/3
2/3,1/3
1/3,1/3
0,1/3
1,1/3
9
4 5 7 9 8
4 13 12 8 9
4 12 13 6 4
4 14 13 9 10
4 13 14 0 6
4 7 3 10 9
4 12 15 11 8
4 15 12 4 1
4 2 5 8 11
10913,24601
927633/85,6273268/255
2782886/255,6273352/255
2782802/255,2091113/85
10913,24601
2782802/255,2091113/85
927633/85,6273268/255
2782886/255,6273352/255
10913,24601
927633/85,6273268/255
10913,24601
927633/85,6273268/255
2782802/255,2091113/85
2782886/255,6273352/255
2782802/255,2091113/85
2782886/255,6273352/255
